5.19994 0
5.19943 0.00538996
5.19839 0.0179597
5.19678 0.0376932
5.1945 0.0645654
5.19147 0.0985415
5.18754 0.139576
5.18256 0.187614
5.17634 0.242587
5.16867 0.304413
5.15932 0.372999
5.14803 0.448233
5.13452 0.52999
5.11851 0.618123
5.09966 0.712469
5.07766 0.812843
5.05216 0.919037
5.0228 1.03082
4.98922 1.14794
4.95106 1.2701
4.90794 1.39701
4.85948 1.52832
4.80531 1.66366
4.74508 1.80265
4.67842 1.94485
4.605 2.08981
4.52448 2.23703
4.43656 2.38601
4.34097 2.5362
4.23744 2.68703
4.12575 2.83789
4.00571 2.98817
3.87716 3.13723
3.74 3.28438
3.59416 3.42897
3.4396 3.57028
3.27637 3.70762
3.10453 3.84027
2.92421 3.96753
2.7356 4.08867
2.53893 4.20299
2.3345 4.3098
2.12266 4.40842
1.90381 4.49819
1.67841 4.57848
1.44697 4.64869
1.21005 4.70826
0.968259 4.75666
0.722256 4.7934
0.472738 4.81807
0.220439 4.83027
-0.0338694 4.82968
-0.28939 4.81605
-0.545298 4.78918
-0.800753 4.74892
-1.0549 4.69521
-1.30687 4.62805
-1.55581 4.54751
-1.80085 4.45372
-2.04114 4.3469
-2.27586 4.22731
-2.50418 4.0953
-2.72534 3.95127
-2.93858 3.79568
-3.14318 3.62906
-3.3385 3.45199
-3.5239 3.26509
-3.69883 3.06904
-3.86278 2.86455
-4.01531 2.65237
-4.15602 2.43329
-4.28461 2.2081
-4.4008 1.97763
-4.50443 1.74272
-4.59537 1.50421
-4.67357 1.26294
-4.73904 1.01975
-4.79186 0.775469
-4.83219 0.530912
-4.86022 0.286869
-4.87623 0.0441057
-4.88053 -0.196643
-4.87349 -0.434674
-4.85554 -0.669327
-4.82714 -0.899977
-4.78881 -1.12605
-4.74108 -1.34701
-4.68453 -1.56237
-4.61975 -1.7717
-4.54738 -1.97462
-4.46805 -2.17079
-4.38241 -2.35993
-4.29114 -2.5418
-4.19488 -2.71622
-4.09432 -2.88305
-3.99012 -3.0422
-3.88293 -3.19362
-3.77339 -3.33732
-3.66215 -3.47331
-3.54982 -3.60167
-3.437 -3.72251
-3.32428 -3.83595
-3.21219 -3.94216
-3.10129 -4.04132
-2.99207 -4.13364
-2.88503 -4.21933
-2.78061 -4.29864
-2.67925 -4.37181
-2.58135 -4.43909
-2.48728 -4.50075
-2.39739 -4.55704
-2.31202 -4.60823
-2.23144 -4.65456
-2.15594 -4.69628
-2.08575 -4.73364
-2.02111 -4.76686
-1.96221 -4.79615
-1.90924 -4.82172
-1.86233 -4.84374
-1.82164 -4.86238
-1.78726 -4.87778
-1.75931 -4.89006
-1.73786 -4.89933
-1.72295 -4.90566
-1.71464 -4.90911
-1.71295 -4.9097
-1.71787 -4.90745
-1.72939 -4.90233
-1.74749 -4.8943
-1.77212 -4.8833
-1.8032 -4.86925
-1.84065 -4.85202
-1.88436 -4.83149
-1.93422 -4.80751
-1.99007 -4.7799
-2.05174 -4.74848
-2.11906 -4.71303
-2.1918 -4.67335
-2.26974 -4.62919
-2.35262 -4.58032
-2.44014 -4.52648
-2.532 -4.46742
-2.62788 -4.40288
-2.7274 -4.3326
-2.83017 -4.25632
-2.93579 -4.1738
-3.04381 -4.08479
-3.15376 -3.98906
-3.26514 -3.88641
-3.37745 -3.77663
-3.49012 -3.65955
-3.60261 -3.53503
-3.71431 -3.40295
-3.82463 -3.26321
-3.93293 -3.11577
-4.03859 -2.96062
-4.14093 -2.79777
-4.23932 -2.6273
-4.33309 -2.44932
-4.42156 -2.26399
-4.50407 -2.07151
-4.57997 -1.87214
-4.64861 -1.6662
-4.70936 -1.45402
-4.76161 -1.23603
-4.80476 -1.01269
-4.83827 -0.784484
-4.8616 -0.55198
-4.87427 -0.315773
-4.87583 -0.0765024
-4.86588 0.165151
-4.84408 0.40847
-4.81012 0.652707
-4.76378 0.897083
-4.70487 1.1408
-4.63328 1.38303
-4.54895 1.62296
-4.45191 1.85972
-4.34224 2.0925
-4.22007 2.32043
-4.08564 2.5427
-3.93923 2.75848
-3.78118 2.967
-3.61191 3.16746
-3.43189 3.35916
-3.24166 3.54138
-3.0418 3.71347
-2.83295 3.87484
-2.61581 4.02492
-2.39109 4.16322
-2.15956 4.2893
-1.92202 4.40279
-1.67928 4.50337
-1.4322 4.59081
-1.18162 4.66493
-0.928411 4.72562
-0.673434 4.77284
-0.417552 4.80664
-0.161616 4.8271
0.0935412 4.83439
0.347104 4.82874
0.598287 4.81045
0.846334 4.77986
1.09053 4.73737
1.33018 4.68345
1.56467 4.61859
1.79339 4.54334
2.01582 4.45828
2.23146 4.36404
2.43989 4.26125
2.64071 4.15058
2.83361 4.03273
3.01833 3.90839
3.19464 3.77827
3.36239 3.64309
3.52148 3.50357
3.67185 3.36041
3.8135 3.21431
3.94647 3.06598
4.07087 2.91607
4.18681 2.76526
4.29447 2.61417
4.39406 2.46341
4.48582 2.31358
4.57001 2.16524
4.64694 2.01891
4.71692 1.8751
4.78028 1.73429
4.83737 1.59691
4.88856 1.46338
4.93421 1.33408
4.97469 1.20937
5.01039 1.08956
5.04166 0.974957
5.06889 0.865828
5.09243 0.762418
5.11263 0.664944
5.12983 0.573603
5.14436 0.48857
5.15651 0.409997
5.16658 0.338022
5.17484 0.272761
5.18153 0.214317
5.18687 0.162776
5.19106 0.118212
5.19428 0.0806865
5.19667 0.050248
5.19835 0.0269359
5.19942 0.0107791
5.19994 0.00179692
